Node,Depth
1,3731
2,1866
3,934
4,467
5,236
6,118
7,61
8,30
9,18
10,9
11,6
12,3
13,8
14,4
15,4
16,2
17,4
18,2
19,3
20,1
21,6
22,3
23,3
24,1
25,3
26,1
27,2
28,1
29,6
30,3
31,3
32,1
33,3
34,1
35,2
36,1
37,5
38,2
39,3
40,1
41,3
42,1
43,2
44,1
45,7
46,3
47,3
48,1
49,3
50,1
51,2
52,1
53,5
54,2
55,3
56,1
57,3
58,1
59,2
60,1
61,5
62,2
63,3
64,1
65,3
66,1
67,2
68,1
69,4
70,2
71,3
72,1
73,3
74,1
75,2
76,1
77,11
78,5
79,4
80,2
81,4
82,2
83,3
84,1
85,6
86,3
87,3
88,1
89,3
90,1
91,2
92,1
93,6
94,3
95,3
96,1
97,3
98,1
99,2
100,1
101,5
102,2
103,3
104,1
105,3
106,1
107,2
108,1
109,7
110,3
111,3
112,1
113,3
114,1
115,2
116,1
117,5
118,2
119,3
120,1
121,3
122,1
123,2
124,1
125,5
126,2
127,3
128,1
129,3
130,1
131,2
132,1
133,4
134,2
135,3
136,1
137,3
138,1
139,2
140,1
141,7
142,3
143,3
144,1
145,3
146,1
147,2
148,1
149,5
150,2
151,3
152,1
153,3
154,1
155,2
156,1
157,5
158,2
159,3
160,1
161,3
162,1
163,2
164,1
165,4
166,2
167,3
168,1
169,3
170,1
171,2
172,1
173,6
174,3
175,3
176,1
177,3
178,1
179,2
180,1
181,5
182,2
183,3
184,1
185,3
186,1
187,2
188,1
189,5
190,2
191,3
192,1
193,3
194,1
195,2
196,1
197,4
198,2
199,3
200,1
201,3
202,1
203,2
204,1
205,9
206,4
207,4
208,2
209,4
210,2
211,3
212,1
213,6
214,3
215,3
216,1
217,3
218,1
219,2
220,1
221,6
222,3
223,3
224,1
225,3
226,1
227,2
228,1
229,5
230,2
231,3
232,1
233,3
234,1
235,2
236,1
237,7
238,3
239,3
240,1
241,3
242,1
243,2
244,1
245,5
246,2
247,3
248,1
249,3
250,1
251,2
252,1
253,5
254,2
255,3
256,1
257,3
258,1
259,2
260,1
261,4
262,2
263,3
264,1
265,3
266,1
267,2
268,1
269,7
270,3
271,3
272,1
273,3
274,1
275,2
276,1
277,5
278,2
279,3
280,1
281,3
282,1
283,2
284,1
285,5
286,2
287,3
288,1
289,3
290,1
291,2
292,1
293,4
294,2
295,3
296,1
297,3
298,1
299,2
300,1
301,6
302,3
303,3
304,1
305,3
306,1
307,2
308,1
309,5
310,2
311,3
312,1
313,3
314,1
315,2
316,1
317,5
318,2
319,3
320,1
321,3
322,1
323,2
324,1
325,4
326,2
327,3
328,1
329,3
330,1
331,2
332,1
333,9
334,4
335,4
336,2
337,4
338,2
339,3
340,1
341,6
342,3
343,3
344,1
345,3
346,1
347,2
348,1
349,6
350,3
351,3
352,1
353,3
354,1
355,2
356,1
357,5
358,2
359,3
360,1
361,3
362,1
363,2
364,1
365,7
366,3
367,3
368,1
369,3
370,1
371,2
372,1
373,5
374,2
375,3
376,1
377,3
378,1
379,2
380,1
381,5
382,2
383,3
384,1
385,3
386,1
387,2
388,1
389,4
390,2
391,3
392,1
393,3
394,1
395,2
396,1
397,7
398,3
399,3
400,1
401,3
402,1
403,2
404,1
405,5
406,2
407,3
408,1
409,3
410,1
411,2
412,1
413,5
414,2
415,3
416,1
417,3
418,1
419,2
420,1
421,4
422,2
423,3
424,1
425,3
426,1
427,2
428,1
429,6
430,3
431,3
432,1
433,3
434,1
435,2
436,1
437,5
438,2
439,3
440,1
441,3
442,1
443,2
444,1
445,5
446,2
447,3
448,1
449,3
450,1
451,2
452,1
453,4
454,2
455,3
456,1
457,3
458,1
459,2
460,1
461,8
462,4
463,4
464,2
465,4
466,2
467,3
468,1
469,6
470,3
471,3
472,1
473,3
474,1
475,2
476,1
477,6
478,3
479,3
480,1
481,3
482,1
483,2
484,1
485,5
486,2
487,3
488,1
489,3
490,1
491,2
492,1
493,7
494,3
495,3
496,1
497,3
498,1
499,2
500,1
501,5
502,2
503,3
504,1
505,3
506,1
507,2
508,1
509,5
510,2
511,3
512,1
513,3
514,1
515,2
516,1
517,4
518,2
519,3
520,1
521,3
522,1
523,2
524,1
525,7
526,3
527,3
528,1
529,3
530,1
531,2
532,1
533,5
534,2
535,3
536,1
537,3
538,1
539,2
540,1
541,5
542,2
543,3
544,1
545,3
546,1
547,2
548,1
549,4
550,2
551,3
552,1
553,3
554,1
555,2
556,1
557,6
558,3
559,3
560,1
561,3
562,1
563,2
564,1
565,5
566,2
567,3
568,1
569,3
570,1
571,2
572,1
573,5
574,2
575,3
576,1
577,3
578,1
579,2
580,1
581,4
582,2
583,3
584,1
585,3
586,1
587,2
588,1
589,10
590,5
591,4
592,2
593,4
594,2
595,3
596,1
597,6
598,3
599,3
600,1
601,3
602,1
603,2
604,1
605,6
606,3
607,3
608,1
609,3
610,1
611,2
612,1
613,5
614,2
615,3
616,1
617,3
618,1
619,2
620,1
621,7
622,3
623,3
624,1
625,3
626,1
627,2
628,1
629,5
630,2
631,3
632,1
633,3
634,1
635,2
636,1
637,5
638,2
639,3
640,1
641,3
642,1
643,2
644,1
645,4
646,2
647,3
648,1
649,3
650,1
651,2
652,1
653,7
654,3
655,3
656,1
657,3
658,1
659,2
660,1
661,5
662,2
663,3
664,1
665,3
666,1
667,2
668,1
669,5
670,2
671,3
672,1
673,3
674,1
675,2
676,1
677,4
678,2
679,3
680,1
681,3
682,1
683,2
684,1
685,6
686,3
687,3
688,1
689,3
690,1
691,2
692,1
693,5
694,2
695,3
696,1
697,3
698,1
699,2
700,1
701,5
702,2
703,3
704,1
705,3
706,1
707,2
708,1
709,4
710,2
711,3
712,1
713,3
714,1
715,2
716,1
717,9
718,4
719,4
720,2
721,4
722,2
723,3
724,1
725,6
726,3
727,3
728,1
729,3
730,1
731,2
732,1
733,6
734,3
735,3
736,1
737,3
738,1
739,2
740,1
741,5
742,2
743,3
744,1
745,3
746,1
747,2
748,1
749,7
750,3
751,3
752,1
753,3
754,1
755,2
756,1
757,5
758,2
759,3
760,1
761,3
762,1
763,2
764,1
765,5
766,2
767,3
768,1
769,3
770,1
771,2
772,1
773,4
774,2
775,3
776,1
777,3
778,1
779,2
780,1
781,7
782,3
783,3
784,1
785,3
786,1
787,2
788,1
789,5
790,2
791,3
792,1
793,3
794,1
795,2
796,1
797,5
798,2
799,3
800,1
801,3
802,1
803,2
804,1
805,4
806,2
807,3
808,1
809,3
810,1
811,2
812,1
813,6
814,3
815,3
816,1
817,3
818,1
819,2
820,1
821,5
822,2
823,3
824,1
825,3
826,1
827,2
828,1
829,5
830,2
831,3
832,1
833,3
834,1
835,2
836,1
837,4
838,2
839,3
840,1
841,3
842,1
843,2
844,1
845,9
846,4
847,4
848,2
849,4
850,2
851,3
852,1
853,6
854,3
855,3
856,1
857,3
858,1
859,2
860,1
861,6
862,3
863,3
864,1
865,3
866,1
867,2
868,1
869,5
870,2
871,3
872,1
873,3
874,1
875,2
876,1
877,7
878,3
879,3
880,1
881,3
882,1
883,2
884,1
885,5
886,2
887,3
888,1
889,3
890,1
891,2
892,1
893,5
894,2
895,3
896,1
897,3
898,1
899,2
900,1
901,4
902,2
903,3
904,1
905,3
906,1
907,2
908,1
909,7
910,3
911,3
912,1
913,3
914,1
915,2
916,1
917,5
918,2
919,3
920,1
921,3
922,1
923,2
924,1
925,5
926,2
927,3
928,1
929,3
930,1
931,2
932,1
933,4
934,2
935,3
936,1
937,3
938,1
939,2
940,1
941,6
942,3
943,3
944,1
945,3
946,1
947,2
948,1
949,5
950,2
951,3
952,1
953,3
954,1
955,2
956,1
957,5
958,2
959,3
960,1
961,3
962,1
963,2
964,1
965,4
966,2
967,3
968,1
969,3
970,1
971,2
972,1
973,8
974,4
975,4
976,2
977,4
978,2
979,3
980,1
981,6
982,3
983,3
984,1
985,3
986,1
987,2
988,1
989,6
990,3
991,3
992,1
993,3
994,1
995,2
996,1
997,5
998,2
999,3
1000,1
1001,3
1002,1
1003,2
1004,1
1005,7
1006,3
1007,3
1008,1
1009,3
1010,1
1011,2
1012,1
1013,5
1014,2
1015,3
1016,1
1017,3
1018,1
1019,2
1020,1
1021,5
1022,2
1023,3
1024,1
1025,3
1026,1
1027,2
1028,1
1029,4
1030,2
1031,3
1032,1
1033,3
1034,1
1035,2
1036,1
1037,7
1038,3
1039,3
1040,1
1041,3
1042,1
1043,2
1044,1
1045,5
1046,2
1047,3
1048,1
1049,3
1050,1
1051,2
1052,1
1053,5
1054,2
1055,3
1056,1
1057,3
1058,1
1059,2
1060,1
1061,4
1062,2
1063,3
1064,1
1065,3
1066,1
1067,2
1068,1
1069,6
1070,3
1071,3
1072,1
1073,3
1074,1
1075,2
1076,1
1077,5
1078,2
1079,3
1080,1
1081,3
1082,1
1083,2
1084,1
1085,5
1086,2
1087,3
1088,1
1089,3
1090,1
1091,2
1092,1
1093,4
1094,2
1095,3
1096,1
1097,3
1098,1
1099,2
1100,1
1101,12
1102,6
1103,5
1104,2
1105,4
1106,2
1107,3
1108,1
1109,6
1110,3
1111,3
1112,1
1113,3
1114,1
1115,2
1116,1
1117,6
1118,3
1119,3
1120,1
1121,3
1122,1
1123,2
1124,1
1125,5
1126,2
1127,3
1128,1
1129,3
1130,1
1131,2
1132,1
1133,7
1134,3
1135,3
1136,1
1137,3
1138,1
1139,2
1140,1
1141,5
1142,2
1143,3
1144,1
1145,3
1146,1
1147,2
1148,1
1149,5
1150,2
1151,3
1152,1
1153,3
1154,1
1155,2
1156,1
1157,4
1158,2
1159,3
1160,1
1161,3
1162,1
1163,2
1164,1
1165,7
1166,3
1167,3
1168,1
1169,3
1170,1
1171,2
1172,1
1173,5
1174,2
1175,3
1176,1
1177,3
1178,1
1179,2
1180,1
1181,5
1182,2
1183,3
1184,1
1185,3
1186,1
1187,2
1188,1
1189,4
1190,2
1191,3
1192,1
1193,3
1194,1
1195,2
1196,1
1197,6
1198,3
1199,3
1200,1
1201,3
1202,1
1203,2
1204,1
1205,5
1206,2
1207,3
1208,1
1209,3
1210,1
1211,2
1212,1
1213,5
1214,2
1215,3
1216,1
1217,3
1218,1
1219,2
1220,1
1221,4
1222,2
1223,3
1224,1
1225,3
1226,1
1227,2
1228,1
1229,10
1230,5
1231,4
1232,2
1233,4
1234,2
1235,3
1236,1
1237,6
1238,3
1239,3
1240,1
1241,3
1242,1
1243,2
1244,1
1245,6
1246,3
1247,3
1248,1
1249,3
1250,1
1251,2
1252,1
1253,5
1254,2
1255,3
1256,1
1257,3
1258,1
1259,2
1260,1
1261,7
1262,3
1263,3
1264,1
1265,3
1266,1
1267,2
1268,1
1269,5
1270,2
1271,3
1272,1
1273,3
1274,1
1275,2
1276,1
1277,5
1278,2
1279,3
1280,1
1281,3
1282,1
1283,2
1284,1
1285,4
1286,2
1287,3
1288,1
1289,3
1290,1
1291,2
1292,1
1293,7
1294,3
1295,3
1296,1
1297,3
1298,1
1299,2
1300,1
1301,5
1302,2
1303,3
1304,1
1305,3
1306,1
1307,2
1308,1
1309,5
1310,2
1311,3
1312,1
1313,3
1314,1
1315,2
1316,1
1317,4
1318,2
1319,3
1320,1
1321,3
1322,1
1323,2
1324,1
1325,6
1326,3
1327,3
1328,1
1329,3
1330,1
1331,2
1332,1
1333,5
1334,2
1335,3
1336,1
1337,3
1338,1
1339,2
1340,1
1341,5
1342,2
1343,3
1344,1
1345,3
1346,1
1347,2
1348,1
1349,4
1350,2
1351,3
1352,1
1353,3
1354,1
1355,2
1356,1
1357,10
1358,5
1359,4
1360,2
1361,4
1362,2
1363,3
1364,1
1365,6
1366,3
1367,3
1368,1
1369,3
1370,1
1371,2
1372,1
1373,6
1374,3
1375,3
1376,1
1377,3
1378,1
1379,2
1380,1
1381,5
1382,2
1383,3
1384,1
1385,3
1386,1
1387,2
1388,1
1389,7
1390,3
1391,3
1392,1
1393,3
1394,1
1395,2
1396,1
1397,5
1398,2
1399,3
1400,1
1401,3
1402,1
1403,2
1404,1
1405,5
1406,2
1407,3
1408,1
1409,3
1410,1
1411,2
1412,1
1413,4
1414,2
1415,3
1416,1
1417,3
1418,1
1419,2
1420,1
1421,7
1422,3
1423,3
1424,1
1425,3
1426,1
1427,2
1428,1
1429,5
1430,2
1431,3
1432,1
1433,3
1434,1
1435,2
1436,1
1437,5
1438,2
1439,3
1440,1
1441,3
1442,1
1443,2
1444,1
1445,4
1446,2
1447,3
1448,1
1449,3
1450,1
1451,2
1452,1
1453,6
1454,3
1455,3
1456,1
1457,3
1458,1
1459,2
1460,1
1461,5
1462,2
1463,3
1464,1
1465,3
1466,1
1467,2
1468,1
1469,5
1470,2
1471,3
1472,1
1473,3
1474,1
1475,2
1476,1
1477,4
1478,2
1479,3
1480,1
1481,3
1482,1
1483,2
1484,1
1485,9
1486,4
1487,4
1488,2
1489,4
1490,2
1491,3
1492,1
1493,6
1494,3
1495,3
1496,1
1497,3
1498,1
1499,2
1500,1
1501,6
1502,3
1503,3
1504,1
1505,3
1506,1
1507,2
1508,1
1509,5
1510,2
1511,3
1512,1
1513,3
1514,1
1515,2
1516,1
1517,7
1518,3
1519,3
1520,1
1521,3
1522,1
1523,2
1524,1
1525,5
1526,2
1527,3
1528,1
1529,3
1530,1
1531,2
1532,1
1533,5
1534,2
1535,3
1536,1
1537,3
1538,1
1539,2
1540,1
1541,4
1542,2
1543,3
1544,1
1545,3
1546,1
1547,2
1548,1
1549,7
1550,3
1551,3
1552,1
1553,3
1554,1
1555,2
1556,1
1557,5
1558,2
1559,3
1560,1
1561,3
1562,1
1563,2
1564,1
1565,5
1566,2
1567,3
1568,1
1569,3
1570,1
1571,2
1572,1
1573,4
1574,2
1575,3
1576,1
1577,3
1578,1
1579,2
1580,1
1581,6
1582,3
1583,3
1584,1
1585,3
1586,1
1587,2
1588,1
1589,5
1590,2
1591,3
1592,1
1593,3
1594,1
1595,2
1596,1
1597,5
1598,2
1599,3
1600,1
1601,3
1602,1
1603,2
1604,1
1605,4
1606,2
1607,3
1608,1
1609,3
1610,1
1611,2
1612,1
1613,11
1614,5
1615,4
1616,2
1617,4
1618,2
1619,3
1620,1
1621,6
1622,3
1623,3
1624,1
1625,3
1626,1
1627,2
1628,1
1629,6
1630,3
1631,3
1632,1
1633,3
1634,1
1635,2
1636,1
1637,5
1638,2
1639,3
1640,1
1641,3
1642,1
1643,2
1644,1
1645,7
1646,3
1647,3
1648,1
1649,3
1650,1
1651,2
1652,1
1653,5
1654,2
1655,3
1656,1
1657,3
1658,1
1659,2
1660,1
1661,5
1662,2
1663,3
1664,1
1665,3
1666,1
1667,2
1668,1
1669,4
1670,2
1671,3
1672,1
1673,3
1674,1
1675,2
1676,1
1677,7
1678,3
1679,3
1680,1
1681,3
1682,1
1683,2
1684,1
1685,5
1686,2
1687,3
1688,1
1689,3
1690,1
1691,2
1692,1
1693,5
1694,2
1695,3
1696,1
1697,3
1698,1
1699,2
1700,1
1701,4
1702,2
1703,3
1704,1
1705,3
1706,1
1707,2
1708,1
1709,6
1710,3
1711,3
1712,1
1713,3
1714,1
1715,2
1716,1
1717,5
1718,2
1719,3
1720,1
1721,3
1722,1
1723,2
1724,1
1725,5
1726,2
1727,3
1728,1
1729,3
1730,1
1731,2
1732,1
1733,4
1734,2
1735,3
1736,1
1737,3
1738,1
1739,2
1740,1
1741,9
1742,4
1743,4
1744,2
1745,4
1746,2
1747,3
1748,1
1749,6
1750,3
1751,3
1752,1
1753,3
1754,1
1755,2
1756,1
1757,6
1758,3
1759,3
1760,1
1761,3
1762,1
1763,2
1764,1
1765,5
1766,2
1767,3
1768,1
1769,3
1770,1
1771,2
1772,1
1773,7
1774,3
1775,3
1776,1
1777,3
1778,1
1779,2
1780,1
1781,5
1782,2
1783,3
1784,1
1785,3
1786,1
1787,2
1788,1
1789,5
1790,2
1791,3
1792,1
1793,3
1794,1
1795,2
1796,1
1797,4
1798,2
1799,3
1800,1
1801,3
1802,1
1803,2
1804,1
1805,7
1806,3
1807,3
1808,1
1809,3
1810,1
1811,2
1812,1
1813,5
1814,2
1815,3
1816,1
1817,3
1818,1
1819,2
1820,1
1821,5
1822,2
1823,3
1824,1
1825,3
1826,1
1827,2
1828,1
1829,4
1830,2
1831,3
1832,1
1833,3
1834,1
1835,2
1836,1
1837,6
1838,3
1839,3
1840,1
1841,3
1842,1
1843,2
1844,1
1845,5
1846,2
1847,3
1848,1
1849,3
1850,1
1851,2
1852,1
1853,5
1854,2
1855,3
1856,1
1857,3
1858,1
1859,2
1860,1
1861,4
1862,2
1863,3
1864,1
1865,3
1866,1
1867,2
1868,1
1869,9
1870,4
1871,4
1872,2
1873,4
1874,2
1875,3
1876,1
1877,6
1878,3
1879,3
1880,1
1881,3
1882,1
1883,2
1884,1
1885,6
1886,3
1887,3
1888,1
1889,3
1890,1
1891,2
1892,1
1893,5
1894,2
1895,3
1896,1
1897,3
1898,1
1899,2
1900,1
1901,7
1902,3
1903,3
1904,1
1905,3
1906,1
1907,2
1908,1
1909,5
1910,2
1911,3
1912,1
1913,3
1914,1
1915,2
1916,1
1917,5
1918,2
1919,3
1920,1
1921,3
1922,1
1923,2
1924,1
1925,4
1926,2
1927,3
1928,1
1929,3
1930,1
1931,2
1932,1
1933,7
1934,3
1935,3
1936,1
1937,3
1938,1
1939,2
1940,1
1941,5
1942,2
1943,3
1944,1
1945,3
1946,1
1947,2
1948,1
1949,5
1950,2
1951,3
1952,1
1953,3
1954,1
1955,2
1956,1
1957,4
1958,2
1959,3
1960,1
1961,3
1962,1
1963,2
1964,1
1965,6
1966,3
1967,3
1968,1
1969,3
1970,1
1971,2
1972,1
1973,5
1974,2
1975,3
1976,1
1977,3
1978,1
1979,2
1980,1
1981,5
1982,2
1983,3
1984,1
1985,3
1986,1
1987,2
1988,1
1989,4
1990,2
1991,3
1992,1
1993,3
1994,1
1995,2
1996,1
1997,8
1998,4
1999,4
2000,2
2001,4
2002,2
2003,3
2004,1
2005,6
2006,3
2007,3
2008,1
2009,3
2010,1
2011,2
2012,1
2013,6
2014,3
2015,3
2016,1
2017,3
2018,1
2019,2
2020,1
2021,5
2022,2
2023,3
2024,1
2025,3
2026,1
2027,2
2028,1
2029,7
2030,3
2031,3
2032,1
2033,3
2034,1
2035,2
2036,1
2037,5
2038,2
2039,3
2040,1
2041,3
2042,1
2043,2
2044,1
2045,5
2046,2
2047,3
2048,1
2049,3
2050,1
2051,2
2052,1
2053,4
2054,2
2055,3
2056,1
2057,3
2058,1
2059,2
2060,1
2061,7
2062,3
2063,3
2064,1
2065,3
2066,1
2067,2
2068,1
2069,5
2070,2
2071,3
2072,1
2073,3
2074,1
2075,2
2076,1
2077,5
2078,2
2079,3
2080,1
2081,3
2082,1
2083,2
2084,1
2085,4
2086,2
2087,3
2088,1
2089,3
2090,1
2091,2
2092,1
2093,6
2094,3
2095,3
2096,1
2097,3
2098,1
2099,2
2100,1
2101,5
2102,2
2103,3
2104,1
2105,3
2106,1
2107,2
2108,1
2109,5
2110,2
2111,3
2112,1
2113,3
2114,1
2115,2
2116,1
2117,4
2118,2
2119,3
2120,1
2121,3
2122,1
2123,2
2124,1
2125,11
2126,5
2127,4
2128,2
2129,4
2130,2
2131,3
2132,1
2133,6
2134,3
2135,3
2136,1
2137,3
2138,1
2139,2
2140,1
2141,6
2142,3
2143,3
2144,1
2145,3
2146,1
2147,2
2148,1
2149,5
2150,2
2151,3
2152,1
2153,3
2154,1
2155,2
2156,1
2157,7
2158,3
2159,3
2160,1
2161,3
2162,1
2163,2
2164,1
2165,5
2166,2
2167,3
2168,1
2169,3
2170,1
2171,2
2172,1
2173,5
2174,2
2175,3
2176,1
2177,3
2178,1
2179,2
2180,1
2181,4
2182,2
2183,3
2184,1
2185,3
2186,1
2187,2
2188,1
2189,7
2190,3
2191,3
2192,1
2193,3
2194,1
2195,2
2196,1
2197,5
2198,2
2199,3
2200,1
2201,3
2202,1
2203,2
2204,1
2205,5
2206,2
2207,3
2208,1
2209,3
2210,1
2211,2
2212,1
2213,4
2214,2
2215,3
2216,1
2217,3
2218,1
2219,2
2220,1
2221,6
2222,3
2223,3
2224,1
2225,3
2226,1
2227,2
2228,1
2229,5
2230,2
2231,3
2232,1
2233,3
2234,1
2235,2
2236,1
2237,5
2238,2
2239,3
2240,1
2241,3
2242,1
2243,2
2244,1
2245,4
2246,2
2247,3
2248,1
2249,3
2250,1
2251,2
2252,1
2253,9
2254,4
2255,4
2256,2
2257,4
2258,2
2259,3
2260,1
2261,6
2262,3
2263,3
2264,1
2265,3
2266,1
2267,2
2268,1
2269,6
2270,3
2271,3
2272,1
2273,3
2274,1
2275,2
2276,1
2277,5
2278,2
2279,3
2280,1
2281,3
2282,1
2283,2
2284,1
2285,7
2286,3
2287,3
2288,1
2289,3
2290,1
2291,2
2292,1
2293,5
2294,2
2295,3
2296,1
2297,3
2298,1
2299,2
2300,1
2301,5
2302,2
2303,3
2304,1
2305,3
2306,1
2307,2
2308,1
2309,4
2310,2
2311,3
2312,1
2313,3
2314,1
2315,2
2316,1
2317,7
2318,3
2319,3
2320,1
2321,3
2322,1
2323,2
2324,1
2325,5
2326,2
2327,3
2328,1
2329,3
2330,1
2331,2
2332,1
2333,5
2334,2
2335,3
2336,1
2337,3
2338,1
2339,2
2340,1
2341,4
2342,2
2343,3
2344,1
2345,3
2346,1
2347,2
2348,1
2349,6
2350,3
2351,3
2352,1
2353,3
2354,1
2355,2
2356,1
2357,5
2358,2
2359,3
2360,1
2361,3
2362,1
2363,2
2364,1
2365,5
2366,2
2367,3
2368,1
2369,3
2370,1
2371,2
2372,1
2373,4
2374,2
2375,3
2376,1
2377,3
2378,1
2379,2
2380,1
2381,9
2382,4
2383,4
2384,2
2385,4
2386,2
2387,3
2388,1
2389,6
2390,3
2391,3
2392,1
2393,3
2394,1
2395,2
2396,1
2397,6
2398,3
2399,3
2400,1
2401,3
2402,1
2403,2
2404,1
2405,5
2406,2
2407,3
2408,1
2409,3
2410,1
2411,2
2412,1
2413,7
2414,3
2415,3
2416,1
2417,3
2418,1
2419,2
2420,1
2421,5
2422,2
2423,3
2424,1
2425,3
2426,1
2427,2
2428,1
2429,5
2430,2
2431,3
2432,1
2433,3
2434,1
2435,2
2436,1
2437,4
2438,2
2439,3
2440,1
2441,3
2442,1
2443,2
2444,1
2445,7
2446,3
2447,3
2448,1
2449,3
2450,1
2451,2
2452,1
2453,5
2454,2
2455,3
2456,1
2457,3
2458,1
2459,2
2460,1
2461,5
2462,2
2463,3
2464,1
2465,3
2466,1
2467,2
2468,1
2469,4
2470,2
2471,3
2472,1
2473,3
2474,1
2475,2
2476,1
2477,6
2478,3
2479,3
2480,1
2481,3
2482,1
2483,2
2484,1
2485,5
2486,2
2487,3
2488,1
2489,3
2490,1
2491,2
2492,1
2493,5
2494,2
2495,3
2496,1
2497,3
2498,1
2499,2
2500,1
2501,4
2502,2
2503,3
2504,1
2505,3
2506,1
2507,2
2508,1
2509,8
2510,4
2511,4
2512,2
2513,4
2514,2
2515,3
2516,1
2517,6
2518,3
2519,3
2520,1
2521,3
2522,1
2523,2
2524,1
2525,6
2526,3
2527,3
2528,1
2529,3
2530,1
2531,2
2532,1
2533,5
2534,2
2535,3
2536,1
2537,3
2538,1
2539,2
2540,1
2541,7
2542,3
2543,3
2544,1
2545,3
2546,1
2547,2
2548,1
2549,5
2550,2
2551,3
2552,1
2553,3
2554,1
2555,2
2556,1
2557,5
2558,2
2559,3
2560,1
2561,3
2562,1
2563,2
2564,1
2565,4
2566,2
2567,3
2568,1
2569,3
2570,1
2571,2
2572,1
2573,7
2574,3
2575,3
2576,1
2577,3
2578,1
2579,2
2580,1
2581,5
2582,2
2583,3
2584,1
2585,3
2586,1
2587,2
2588,1
2589,5
2590,2
2591,3
2592,1
2593,3
2594,1
2595,2
2596,1
2597,4
2598,2
2599,3
2600,1
2601,3
2602,1
2603,2
2604,1
2605,6
2606,3
2607,3
2608,1
2609,3
2610,1
2611,2
2612,1
2613,5
2614,2
2615,3
2616,1
2617,3
2618,1
2619,2
2620,1
2621,5
2622,2
2623,3
2624,1
2625,3
2626,1
2627,2
2628,1
2629,4
2630,2
2631,3
2632,1
2633,3
2634,1
2635,2
2636,1
2637,10
2638,5
2639,4
2640,2
2641,4
2642,2
2643,3
2644,1
2645,6
2646,3
2647,3
2648,1
2649,3
2650,1
2651,2
2652,1
2653,6
2654,3
2655,3
2656,1
2657,3
2658,1
2659,2
2660,1
2661,5
2662,2
2663,3
2664,1
2665,3
2666,1
2667,2
2668,1
2669,7
2670,3
2671,3
2672,1
2673,3
2674,1
2675,2
2676,1
2677,5
2678,2
2679,3
2680,1
2681,3
2682,1
2683,2
2684,1
2685,5
2686,2
2687,3
2688,1
2689,3
2690,1
2691,2
2692,1
2693,4
2694,2
2695,3
2696,1
2697,3
2698,1
2699,2
2700,1
2701,7
2702,3
2703,3
2704,1
2705,3
2706,1
2707,2
2708,1
2709,5
2710,2
2711,3
2712,1
2713,3
2714,1
2715,2
2716,1
2717,5
2718,2
2719,3
2720,1
2721,3
2722,1
2723,2
2724,1
2725,4
2726,2
2727,3
2728,1
2729,3
2730,1
2731,2
2732,1
2733,6
2734,3
2735,3
2736,1
2737,3
2738,1
2739,2
2740,1
2741,5
2742,2
2743,3
2744,1
2745,3
2746,1
2747,2
2748,1
2749,5
2750,2
2751,3
2752,1
2753,3
2754,1
2755,2
2756,1
2757,4
2758,2
2759,3
2760,1
2761,3
2762,1
2763,2
2764,1
2765,9
2766,4
2767,4
2768,2
2769,4
2770,2
2771,3
2772,1
2773,6
2774,3
2775,3
2776,1
2777,3
2778,1
2779,2
2780,1
2781,6
2782,3
2783,3
2784,1
2785,3
2786,1
2787,2
2788,1
2789,5
2790,2
2791,3
2792,1
2793,3
2794,1
2795,2
2796,1
2797,7
2798,3
2799,3
2800,1
2801,3
2802,1
2803,2
2804,1
2805,5
2806,2
2807,3
2808,1
2809,3
2810,1
2811,2
2812,1
2813,5
2814,2
2815,3
2816,1
2817,3
2818,1
2819,2
2820,1
2821,4
2822,2
2823,3
2824,1
2825,3
2826,1
2827,2
2828,1
2829,7
2830,3
2831,3
2832,1
2833,3
2834,1
2835,2
2836,1
2837,5
2838,2
2839,3
2840,1
2841,3
2842,1
2843,2
2844,1
2845,5
2846,2
2847,3
2848,1
2849,3
2850,1
2851,2
2852,1
2853,4
2854,2
2855,3
2856,1
2857,3
2858,1
2859,2
2860,1
2861,6
2862,3
2863,3
2864,1
2865,3
2866,1
2867,2
2868,1
2869,5
2870,2
2871,3
2872,1
2873,3
2874,1
2875,2
2876,1
2877,5
2878,2
2879,3
2880,1
2881,3
2882,1
2883,2
2884,1
2885,4
2886,2
2887,3
2888,1
2889,3
2890,1
2891,2
2892,1
2893,9
2894,4
2895,4
2896,2
2897,4
2898,2
2899,3
2900,1
2901,6
2902,3
2903,3
2904,1
2905,3
2906,1
2907,2
2908,1
2909,6
2910,3
2911,3
2912,1
2913,3
2914,1
2915,2
2916,1
2917,5
2918,2
2919,3
2920,1
2921,3
2922,1
2923,2
2924,1
2925,7
2926,3
2927,3
2928,1
2929,3
2930,1
2931,2
2932,1
2933,5
2934,2
2935,3
2936,1
2937,3
2938,1
2939,2
2940,1
2941,5
2942,2
2943,3
2944,1
2945,3
2946,1
2947,2
2948,1
2949,4
2950,2
2951,3
2952,1
2953,3
2954,1
2955,2
2956,1
2957,7
2958,3
2959,3
2960,1
2961,3
2962,1
2963,2
2964,1
2965,5
2966,2
2967,3
2968,1
2969,3
2970,1
2971,2
2972,1
2973,5
2974,2
2975,3
2976,1
2977,3
2978,1
2979,2
2980,1
2981,4
2982,2
2983,3
2984,1
2985,3
2986,1
2987,2
2988,1
2989,6
2990,3
2991,3
2992,1
2993,3
2994,1
2995,2
2996,1
2997,5
2998,2
2999,3
3000,1
3001,3
3002,1
3003,2
3004,1
3005,5
3006,2
3007,3
3008,1
3009,3
3010,1
3011,2
3012,1
3013,4
3014,2
3015,3
3016,1
3017,3
3018,1
3019,2
3020,1
3021,8
3022,4
3023,4
3024,2
3025,4
3026,2
3027,3
3028,1
3029,6
3030,3
3031,3
3032,1
3033,3
3034,1
3035,2
3036,1
3037,6
3038,3
3039,3
3040,1
3041,3
3042,1
3043,2
3044,1
3045,5
3046,2
3047,3
3048,1
3049,3
3050,1
3051,2
3052,1
3053,7
3054,3
3055,3
3056,1
3057,3
3058,1
3059,2
3060,1
3061,5
3062,2
3063,3
3064,1
3065,3
3066,1
3067,2
3068,1
3069,5
3070,2
3071,3
3072,1
3073,3
3074,1
3075,2
3076,1
3077,4
3078,2
3079,3
3080,1
3081,3
3082,1
3083,2
3084,1
3085,7
3086,3
3087,3
3088,1
3089,3
3090,1
3091,2
3092,1
3093,5
3094,2
3095,3
3096,1
3097,3
3098,1
3099,2
3100,1
3101,5
3102,2
3103,3
3104,1
3105,3
3106,1
3107,2
3108,1
3109,4
3110,2
3111,3
3112,1
3113,3
3114,1
3115,2
3116,1
3117,6
3118,3
3119,3
3120,1
3121,3
3122,1
3123,2
3124,1
3125,5
3126,2
3127,3
3128,1
3129,3
3130,1
3131,2
3132,1
3133,5
3134,2
3135,3
3136,1
3137,3
3138,1
3139,2
3140,1
3141,4
3142,2
3143,3
3144,1
3145,3
3146,1
3147,2
3148,1
3149,10
3150,5
3151,4
3152,2
3153,4
3154,2
3155,3
3156,1
3157,6
3158,3
3159,3
3160,1
3161,3
3162,1
3163,2
3164,1
3165,6
3166,3
3167,3
3168,1
3169,3
3170,1
3171,2
3172,1
3173,5
3174,2
3175,3
3176,1
3177,3
3178,1
3179,2
3180,1
3181,7
3182,3
3183,3
3184,1
3185,3
3186,1
3187,2
3188,1
3189,5
3190,2
3191,3
3192,1
3193,3
3194,1
3195,2
3196,1
3197,5
3198,2
3199,3
3200,1
3201,3
3202,1
3203,2
3204,1
3205,4
3206,2
3207,3
3208,1
3209,3
3210,1
3211,2
3212,1
3213,7
3214,3
3215,3
3216,1
3217,3
3218,1
3219,2
3220,1
3221,5
3222,2
3223,3
3224,1
3225,3
3226,1
3227,2
3228,1
3229,5
3230,2
3231,3
3232,1
3233,3
3234,1
3235,2
3236,1
3237,4
3238,2
3239,3
3240,1
3241,3
3242,1
3243,2
3244,1
3245,6
3246,3
3247,3
3248,1
3249,3
3250,1
3251,2
3252,1
3253,5
3254,2
3255,3
3256,1
3257,3
3258,1
3259,2
3260,1
3261,5
3262,2
3263,3
3264,1
3265,3
3266,1
3267,2
3268,1
3269,4
3270,2
3271,3
3272,1
3273,3
3274,1
3275,2
3276,1
3277,9
3278,4
3279,4
3280,2
3281,4
3282,2
3283,3
3284,1
3285,6
3286,3
3287,3
3288,1
3289,3
3290,1
3291,2
3292,1
3293,6
3294,3
3295,3
3296,1
3297,3
3298,1
3299,2
3300,1
3301,5
3302,2
3303,3
3304,1
3305,3
3306,1
3307,2
3308,1
3309,7
3310,3
3311,3
3312,1
3313,3
3314,1
3315,2
3316,1
3317,5
3318,2
3319,3
3320,1
3321,3
3322,1
3323,2
3324,1
3325,5
3326,2
3327,3
3328,1
3329,3
3330,1
3331,2
3332,1
3333,4
3334,2
3335,3
3336,1
3337,3
3338,1
3339,2
3340,1
3341,7
3342,3
3343,3
3344,1
3345,3
3346,1
3347,2
3348,1
3349,5
3350,2
3351,3
3352,1
3353,3
3354,1
3355,2
3356,1
3357,5
3358,2
3359,3
3360,1
3361,3
3362,1
3363,2
3364,1
3365,4
3366,2
3367,3
3368,1
3369,3
3370,1
3371,2
3372,1
3373,6
3374,3
3375,3
3376,1
3377,3
3378,1
3379,2
3380,1
3381,5
3382,2
3383,3
3384,1
3385,3
3386,1
3387,2
3388,1
3389,5
3390,2
3391,3
3392,1
3393,3
3394,1
3395,2
3396,1
3397,4
3398,2
3399,3
3400,1
3401,3
3402,1
3403,2
3404,1
3405,9
3406,4
3407,4
3408,2
3409,4
3410,2
3411,3
3412,1
3413,6
3414,3
3415,3
3416,1
3417,3
3418,1
3419,2
3420,1
3421,6
3422,3
3423,3
3424,1
3425,3
3426,1
3427,2
3428,1
3429,5
3430,2
3431,3
3432,1
3433,3
3434,1
3435,2
3436,1
3437,7
3438,3
3439,3
3440,1
3441,3
3442,1
3443,2
3444,1
3445,5
3446,2
3447,3
3448,1
3449,3
3450,1
3451,2
3452,1
3453,5
3454,2
3455,3
3456,1
3457,3
3458,1
3459,2
3460,1
3461,4
3462,2
3463,3
3464,1
3465,3
3466,1
3467,2
3468,1
3469,7
3470,3
3471,3
3472,1
3473,3
3474,1
3475,2
3476,1
3477,5
3478,2
3479,3
3480,1
3481,3
3482,1
3483,2
3484,1
3485,5
3486,2
3487,3
3488,1
3489,3
3490,1
3491,2
3492,1
3493,4
3494,2
3495,3
3496,1
3497,3
3498,1
3499,2
3500,1
3501,6
3502,3
3503,3
3504,1
3505,3
3506,1
3507,2
3508,1
3509,5
3510,2
3511,3
3512,1
3513,3
3514,1
3515,2
3516,1
3517,5
3518,2
3519,3
3520,1
3521,3
3522,1
3523,2
3524,1
3525,4
3526,2
3527,3
3528,1
3529,3
3530,1
3531,2
3532,1
3533,8
3534,4
3535,4
3536,2
3537,4
3538,2
3539,3
3540,1
3541,6
3542,3
3543,3
3544,1
3545,3
3546,1
3547,2
3548,1
3549,6
3550,3
3551,3
3552,1
3553,3
3554,1
3555,2
3556,1
3557,5
3558,2
3559,3
3560,1
3561,3
3562,1
3563,2
3564,1
3565,7
3566,3
3567,3
3568,1
3569,3
3570,1
3571,2
3572,1
3573,5
3574,2
3575,3
3576,1
3577,3
3578,1
3579,2
3580,1
3581,5
3582,2
3583,3
3584,1
3585,3
3586,1
3587,2
3588,1
3589,4
3590,2
3591,3
3592,1
3593,3
3594,1
3595,2
3596,1
3597,7
3598,3
3599,3
3600,1
3601,3
3602,1
3603,2
3604,1
3605,5
3606,2
3607,3
3608,1
3609,3
3610,1
3611,2
3612,1
3613,5
3614,2
3615,3
3616,1
3617,3
3618,1
3619,2
3620,1
3621,4
3622,2
3623,3
3624,1
3625,3
3626,1
3627,2
3628,1
3629,6
3630,3
3631,3
3632,1
3633,3
3634,1
3635,2
3636,1
3637,5
3638,2
3639,3
3640,1
3641,3
3642,1
3643,2
3644,1
3645,5
3646,2
3647,3
3648,1
3649,3
3650,1
3651,2
3652,1
3653,4
3654,2
3655,3
3656,1
3657,3
3658,1
3659,2
3660,1
3661,7
3662,3
3663,3
3664,1
3665,3
3666,1
3667,2
3668,1
3669,5
3670,2
3671,3
3672,1
3673,3
3674,1
3675,2
3676,1
3677,5
3678,2
3679,3
3680,1
3681,3
3682,1
3683,2
3684,1
3685,4
3686,2
3687,3
3688,1
3689,3
3690,1
3691,2
3692,1
3693,6
3694,3
3695,3
3696,1
3697,3
3698,1
3699,2
3700,1
3701,5
3702,2
3703,3
3704,1
3705,3
3706,1
3707,2
3708,1
3709,5
3710,2
3711,3
3712,1
3713,3
3714,1
3715,2
3716,1
3717,4
3718,2
3719,3
3720,1
3721,3
3722,1
3723,2
3724,1
3725,4
3726,2
3727,3
3728,1
3729,3
3730,1
3731,2
3732,1
